0 -7.1e-05 18.072 0
22 -0.000953 26.133 0.072
1 -0.000452 61.784 0.5
23 -0.000484 65.919 0.572
44 -0.000113 79.835 1.072
105 -0.000825 47.454 0.419
110 -0.000527 67.62 0.919
145 -0.000125 37.758 0.835
188 -0.000624 46.503 0.5
183 -0.000265 58.212 5.09743e-10
290 -0.000733 17.16 5.42855e-11
320 -0.000942 27.69 0.000999999
355 -0.000435 5.975 0.000999999
370 -0.000163 14.137 0.000999998
407 -0.000466 61.87 1.001
397 -0.000437 78.877 0.501
523 -0.000621 15.221 1.877
514 -0.000512 47.801 1.377
454 -0.000466 130.471 1.501
533 -0.000417 63.514 2.377
496 -0.00017 148.941 0.877
654 -0.000228 25.85 0.441
385 -0.000191 356.312 0.000999998
749 -0.000566 21.531 0.312
689 -0.000338 121.787 0.35
851 -0.00055 18.734 0.501
871 -0.000354 1.139 0.734
849 -0.000878 132.927 0.000999987
984 -4.5e-05 2.393 1.927
992 -0.000369 56.811 1.893
966 -4.6e-05 233.035 1.139
860 -0.000353 394.895 1.001
1118 -5e-05 196.624 2.311
983 -0.000286 341.916 1.427
1180 -0.000475 223.302 2.811
1272 -0.000851 264.552 3.895
1244 -0.000128 299.123 2.535
1331 -0.000124 241.945 3.916
1337 -0.000908 246.837 4.916
1263 -0.000943 352.848 3.395
1551 -0.000932 64.86 7.123
1605 -0.000118 24.763 8.337
1258 -0.000464 391.634 2.895
1437 -6.7e-05 235.129 5.802
1560 -6.6e-05 118.797 7.623
1595 -0.00086 92.561 7.837
1627 -0.000757 91.089 7.763
1335 -0.000503 390.878 4.416
1579 -0.000966 168.359 7.837
1361 -4.3e-05 391.664 5.416
1020 -0.000987 744.876 2.393
1516 -0.00024 254.374 7.302
1404 -0.000317 373.694 5.302
942 -0.000513 881.034 0.639
1455 -0.000318 378.542 6.302
1522 -0.000794 332.942 7.802
1495 -0.000494 366.664 6.802
1278 -0.000465 597.034 4.395
1697 -0.00046 208.74 5.561
1869 -0.000625 39.29 1.664
1869 -0.000789 75.217 2.164
1811 -0.000941 133.703 2.694
1957 -0.000548 0.832 0.703
1817 -0.000361 170.642 3.194
1940 -1.1e-05 52.366 1.29
1981 -0.000498 55.435 1.332
1968 -0.000515 94.072 0.832
2117 -0.000668 21.036 0.000999973
2152 -0.000735 12.437 0.00099998
2200 -0.000303 0.22 0.000999989
2407 -0.000256 22.918 3.16209e-08
2642 -0.000696 28.623 7.94967e-08
2663 -0.000838 10.464 1
2649 -0.000346 28.572 0.5
2682 -0.000922 28.497 8.76457e-08
2730 -0.000975 6.315 9.74246e-08
2780 -0.00064 3.589 1.07611e-07
2865 -9.3e-05 12.725 1.24928e-07
2909 -0.000999 34.67 0.5
2897 -6.93811e-12 55.113 1.31447e-07
2948 -0.000126 23.605 0.17
2990 -0.00098 12.148 1.50394e-07
3034 -0.000266 48.217 0.5
3067 -0.000834 48.574 1.5
3017 -0.000545 122.381 1.55894e-07
3102 -0.000884 39.357 1.717
3069 -0.000238 198.372 2
3043 -4.9e-05 225.048 1
3168 -0.000339 123.87 1.357
3276 -0.000239 19.834 2.048
3222 -0.000129 90.963 2.857
3173 -0.000635 148.697 1.857
3217 -0.000532 151.93 2.357
3340 -0.000515 74.515 2.197
3427 -0.000708 7.339 3.015
3318 -0.000866 123.51 2.463
3497 -0.000462 43.344 4.51
3313 -0.000803 254.811 1.963
3559 -0.000264 15.565 7.344
3507 -0.000998 69.476 5.01
3530 -0.00048 77.879 6.51
3524 -0.0005 117.412 6.01
3519 -0.000659 255.746 5.51
3116 -0.000757 670.47 1.574
3451 -0.000505 339.613 3.01
3397 -0.000494 414.335 2.93
3616 -0.000276 201.461 6.379
3803 -0.000823 38.315 7.613
3847 -0.000626 22.161 6.815
3612 -6e-06 329.839 5.879
3763 -0.00058 200.208 8.912
3984 -0.000244 22.917 6.708
3544 -0.000668 513.277 6.844
3748 -9.9e-05 311.458 8.412
4005 -0.000934 58.857 7.417
4013 -0.000581 82.787 7.917
3437 -0.000595 676.786 3.339
4105 -5.6e-05 47.821 7.287
3959 -0.000163 227.957 6.208
4041 -0.000336 167.707 8.417
3303 -0.000144 931.251 1.834
3695 -0.000178 550.564 7.412
3652 -0.000712 606.979 6.412
3495 -0.000417 765.592 4.01
4065 -0.000507 261.315 7.357
4141 -0.000644 215.481 7.786
4336 -0.000199 61.074 4.815
3416 -0.00045 998.009 2.515
4369 -0.00052 78.204 4.981
3452 -0.000889 1003.36 3.51
4244 -5.1e-05 224.624 6.064
3669 -0.000993 858 6.912
4436 -3.5e-05 91.4 5.509
3991 -0.000284 550.335 7.208
3736 -0.000469 833.919 7.912
3342 -0.000125 1246.02 2.697
4113 -0.000958 497.737 7.786
4444 -0.000443 183.743 5.704
4536 -0.000427 144.206 4.4
4608 -0.000998 73.532 4.237
4381 -2.5e-05 314.7 5.981
3975 -0.000265 761.706 6.208
4685 -0.00079 76.686 3.032
4579 -0.000581 200.291 4.919
4548 -0.000579 244.916 4.335
4559 -0.000515 257.941 4.835
4415 -0.000656 407.426 5.009
4761 -0.000775 82.872 2.686
4370 -0.000361 503.904 5.481
4772 -0.000399 163.34 2.686
4902 -0.000226 35.662 0.404001
4961 -0.000207 9.629 0.500001
5016 -0.00023 11.321 1.129
4999 -0.000487 59.65 0.629001
4960 -8.5e-05 103.53 5.51735e-07
4993 -0.000452 77.181 0.129001
5044 -0.000188 66.75 1.321
5121 -0.000531 6.831 0.500001
5139 -9.2e-05 4.713 0.331001
5149 -0.000498 19.351 0.213001
5115 -3.8e-05 91.948 5.83313e-07
5223 -0.000641 14.523 0.948001
5268 -0.000255 9.226 1.523
5258 -0.000949 82.076 1.023
5244 -0.000236 200.797 0.523001
5204 -0.000323 257.468 0.351001
5207 -0.000144 279.459 0.448001
5386 -0.000239 111.35 2.576
5500 -0.000931 76.821 2.85
5507 -4e-06 94.838 3.35
5599 -0.000642 4.247 3.838
5334 -0.000549 366.785 1.726
5593 -0.000351 108.883 3.821
5554 -0.000148 157.557 3.85
5497 -0.000602 221.551 2.85
5626 -0.000744 100.03 3.747
5362 -0.000642 378.036 1.576
5757 -0.000458 1.757 1.536
5451 -0.000785 316.469 3.297
5751 -0.000983 29.132 1.036
5373 -0.000469 408.716 2.076
5411 -0.000568 460.276 3.076
5847 -0.0008 43.172 1.716
5810 -0.000191 119.212 0.716001
5881 -0.000937 48.519 2.276
5944 -0.000173 26.371 1.519
5941 -0.000854 33.357 1.019
5830 -0.00014 151.695 1.216
5805 -0.000339 205.502 0.216001
5969 -0.000735 53.935 2.371
5858 -0.000958 188.948 2.216
5958 -0.000395 103.704 2.019
5985 -0.000728 78.823 1.695
6083 -0.000614 56.41 7.8052e-07
6118 -0.000285 44.398 1.5
6104 -5e-05 71.431 0.500001
6107 -0.000824 119.285 1
6272 -0.000466 49.587 0.285001
6172 -0.000934 182.6 0.898001
6329 -0.000174 46.958 0.0870008
6380 -0.000233 64.752 0.458001
6449 -0.000289 8.676 0.252001
6373 -0.000453 147.56 0.100001
6593 -0.000988 25.287 1.06
6451 -0.000142 169.722 0.752001
6621 -0.000522 18.78 0.722001
6657 -0.000291 21.7 1.28
6530 -0.000953 196.688 0.0600009
6718 -0.000759 101.609 2.2
6702 -9e-05 143.204 1.7
6722 -0.000902 156.999 2.7
6586 -0.000716 313.966 0.560001
6950 -0.000228 33.864 5.466
6667 -0.000395 345.648 1.78
6846 -0.000281 174.048 3.704
6755 -0.000126 280.724 2.688
6955 -0.000395 148.183 5.966
6655 -0.000397 460.813 0.780001
7023 -0.000296 95.236 6.548
6966 -0.000778 156.657 6.966
6780 -0.000801 379.823 3.188
6942 -0.000589 218.686 4.966
6991 -0.000532 230.147 7.364
6903 -0.000868 328.143 3.966
6986 -0.000233 248.471 6.864
7206 -0.000895 34.188 4.686
6800 -0.000747 456.773 3.688
7032 -0.000301 233.138 6.724
6936 -0.000131 339.065 4.466
7174 -0.000418 101.185 4.186
6821 -0.000865 454.291 3.609
6963 -0.000277 354.338 6.466
7318 -7.1e-05 107.224 1.338
7274 -0.000952 178.114 1.291
7512 -0.000948 4.575 1.614
7565 -0.000849 19.565 3.075
7533 -0.000899 59.771 1.575
7337 -8.4e-05 264.88 1.838
6848 -0.000879 761.152 4.204
7673 -0.000253 63.867 3.152
7277 -0.000733 466.35 1.291
7647 -7.5e-05 128.102 2.652
7618 -0.00086 208.2 2.152
7676 -0.000792 173.719 3.652
7720 -0.000669 138.769 4.652
7837 -0.000898 22.351 4.2
7786 -0.000251 115.351 3.602
7545 -0.000242 375.728 2.075
7934 -0.000207 27.528 3.228
7934 -0.000621 38.743 2.728
7963 -0.000624 33.985 3.028
7564 -0.000139 464.473 2.575
7496 -0.000849 537.876 1.114
7684 -0.000774 373.962 4.152
8063 -0.000715 33.868 2.462
8012 -0.000654 121.075 3.485
7804 -0.000629 334.909 4.102
7980 -0.000133 223.3 3.243
8066 -0.000465 138.072 2.962
7915 -0.000647 303.878 2.851
7600 -0.000283 625.652 2.38
8263 -0.000467 75.363 1.152
8067 -0.000611 291.133 3.462
8363 -0.00018 8.209 0.633001
8140 -0.000411 245.806 2.409
8437 -0.000881 5.498 0.806001
8397 -0.000406 73.455 0.306001
8257 -0.000959 218.868 0.652001
8469 -0.000964 22.252 1.955
8488 -0.000991 6.277 1.368
8446 -0.000212 57.623 0.998001
8457 -0.00015 181.829 1.498
8651 -7.5e-05 1.256 0.829001
8510 -0.00072 146.659 0.123001
8531 -0.000447 132.675 0.623001
8676 -7.7e-05 15.472 1.30878e-06
8765 -0.000813 31.529 0.500001
8765 -0.00026 43.212 1
8840 -0.000862 14.515 1.712
8859 -0.000265 29.047 2.015
8785 -0.000267 152.096 2
8768 -0.000647 254.622 1.5
8894 -2.1e-05 133.465 2.047
8738 -1e-05 348.766 1.32141e-06
8802 -0.00056 294.735 1.529
9007 -0.000609 92.879 3.096
8859 -0.000603 253.737 1.515
9126 -2.4e-05 33.111 1.737
8992 -2.9e-05 183.349 2.596
9052 -0.0007 143.668 2.965
9153 -0.000662 73.074 2.237
9192 -0.00086 47.292 2.349
9187 -0.000653 64.006 1.849
9073 -0.000706 202.783 3.465
8918 -0.000254 376.61 2.547
9306 -0.000276 3.342 1.43713e-06
9365 -0.000478 33.325 1.44915e-06
9389 -0.000361 9.825 0.500001
9432 -0.00062 14.113 1.4628e-06
9462 -0.000884 11.97 1.46891e-06
9497 -0.000954 0.479001 1.47604e-06
9510 -0.000489 37.452 1.47869e-06
9512 -0.000872 52.847 0.500001
9575 -0.000449 19.765 1.347
9535 -0.0008 62.857 1
9619 -0.000274 4.108 0.857002
9569 -0.000255 129.795 0.847001
9566 -6.3e-05 154.324 0.347001
9728 -2.9e-05 6.631 1.5231e-06
9747 -0.000413 1.341 1.52697e-06
9946 -0.00097 5.763 1.56752e-06
9966 -1e-05 2.087 1.57159e-06
9978 -0.000347 35.186 1.57404e-06
10001 -0.000686 15.564 0.500002
10121 -0.000875 22.989 1.60317e-06
10151 -0.000114 21.124 0.989002
10141 -0.000911 44.902 0.500002
10164 -0.000721 50.085 1.489
10233 -0.000192 9.38 1.085
10206 -0.000144 49.997 0.902002
10142 -0.000216 168.467 1
10231 -0.000279 118.994 0.585002
10289 -0.000143 92.791 1.497
10249 -0.000359 133.031 1.38
10327 -0.000575 72.835 1.467
10371 -0.000348 34.103 1.494
10410 -0.000389 29.378 1.66205e-06
10537 -0.000589 96.257 2.5
10560 -0.000431 76.874 4
10470 -0.00056 205.571 0.500002
10638 -0.000814 130.151 3.874
10552 -0.000255 230.85 3.5
10504 -0.000401 293.62 2
10681 -9e-05 153.614 5.071
10580 -0.000322 263.616 4.5
10675 -0.000382 218.855 5.071
10849 -0.00055 46.299 3.616
10653 -0.000515 250.524 4.874
10642 -0.000467 264.631 4.374
10894 -0.00054 26.987 4.799
10543 -2.4e-05 398.862 3
10482 -0.000279 495.966 1.5
10442 -0.000294 567.943 1.66856e-06
10891 -0.000507 180.666 4.299
10812 -4.2e-05 270.044 4.12
11093 -0.000927 9.522 4.044
11054 -0.000375 75.145 4.943
10481 -0.000829 671.525 1
11034 -0.000451 125.992 4.443
10873 -0.000239 287.493 4.116
10940 -0.000511 334.265 4.362
10921 -0.000402 372.87 3.987
10997 -0.000431 328.118 4.466
10909 -0.000518 429.938 3.631
10947 -0.000285 398.271 4.362
11102 -0.000799 247.761 4.522
11228 -0.000653 173.184 2.993
11396 -0.000176 13.518 0.261002
11464 -0.000476 7.771 0.500002
11459 -0.000928 22.616 1.87575e-06
11532 -0.000658 7.726 1.89063e-06
11583 -0.000702 30.016 0.500002
11545 -9.99958e-07 105.302 1.89328e-06
11649 -0.000708 17.286 1.802
11623 -0.000707 81.507 1.016
11703 -0.000826 4.833 2.007
11609 -0.000956 129.192 1.5
11583 -0.000407 216.156 1
11666 -0.000526 133.831 2.286
11848 -0.000205 10.176 0.831002
11623 -0.000928 259.363 1.516
11897 -0.000367 25.035 0.863002
11817 -0.000818 113.063 0.331002
11890 -0.000932 45.708 0.363002
12064 -0.000502 1.433 1
12050 -0.000356 41.704 0.500002
12018 -0.000498 95.665 1.98964e-06
12065 -0.000396 58.057 1.433
12206 -0.000605 107.216 2.02794e-06
12226 -9.3e-05 101.469 0.500002
12260 -0.000713 83.458 1.5
12228 -0.000707 176.199 1
12385 -0.000976 45.85 0.458002
12445 -0.000652 12.863 2.07663e-06
12513 -0.000883 2.799 2.09048e-06
12584 -0.000896 2.723 0.500002
12577 -0.000416 28.402 2.10352e-06
12615 -0.000595 42.776 2.11126e-06
12742 -0.000428 69.548 3.276
12707 -0.000907 115.278 1.776
12736 -0.000204 102.701 2.776
12673 -0.000339 239.279 1.276
12656 -0.000923 271.358 1
12631 -0.000463 311.84 0.500002
12966 -0.000868 13.042 3.84
12668 -2e-05 319.392 0.776002
12938 -0.000916 67.684 2.358
12959 -0.000733 100.64 3.34
12754 -3.1e-05 310.992 3.776
12863 -0.000985 219.521 2.701
13045 -0.000646 47.61 3.684
13006 -0.000136 113.602 2.684
13025 -0.000408 116.58 3.184
13159 -0.000783 7.358 3.08
12943 -0.000823 254.612 2.34
12718 -0.000221 506.538 2.276
13156 -0.000271 119.327 2.58
13065 -0.000283 236.468 3.492
13125 -1.8e-05 200.48 2.602
12953 -0.000253 388.429 2.84
13296 -0.000648 48.114 3.327
13343 -9.6e-05 28.807 2.614
13105 -7.5e-05 270.756 2.61
13303 -0.000671 119.822 3.468
13361 -0.000148 85.843 2.614
13420 -0.000422 48.56 3.322
13433 -0.0007 51.307 3.822
13294 -0.000961 196.182 2.827
13415 -0.000829 109.826 3.256
13192 -0.000765 336.231 3.358
13367 -0.000713 188.22 3.114
13480 -0.000609 94.864 3.06
13569 -0.000919 7.083 3.22
13524 -2.2e-05 61.868 3.326
13596 -0.000735 12.619 2.368
13394 -0.000255 217.871 2.756
13508 -0.000183 151.11 3.182
13600 -0.000395 63.935 2.868
13266 -0.000991 417.156 2.538
13558 -0.000879 127.31 2.72
13497 -5.4e-05 200.108 2.682
13732 -0.000395 11.877 1
13800 -0.000615 124.348 1.377
13914 -0.000495 39.919 2.377
13797 -0.000375 185.292 0.877002
13932 -0.000298 68.125 2.348
14004 -0.000654 43.649 2.125
13708 -0.000392 343.44 2.33394e-06
14057 -0.000201 64.297 3.44
13994 -0.000768 171.002 1.792
14107 -0.000448 69.978 4.94
13722 -0.000908 456.775 0.500002
14025 -4.4e-05 312.191 3.625
13896 -0.000194 466.453 1.877
14350 -0.000515 86.199 4.691
14016 -0.000734 442.088 2.625
13997 -0.00057 496.337 2.292
14426 -8.4e-05 68.688 5.453
14096 -0.000744 447.896 4.44
14429 -0.000897 230.284 5.953
14235 -0.000806 437.079 4.275
14383 -0.00056 302.688 4.953
14603 -0.000679 95.988 5.396
14586 -0.000197 118.502 4.896
14716 -0.000772 18.743 5.502
14246 -0.000404 594.17 4.775
14025 -0.000697 833.954 3.125
14844 -0.000903 19.762 5.67
14645 -2e-05 227.884 6.896
14620 -0.000925 322.211 6.396
14669 -0.000602 318.478 6.579
14747 -0.000315 241.339 5.743
14067 -0.000127 922.533 3.94
14971 -0.000667 35.717 7.211
14561 -0.000464 483.129 4.396
14551 -0.000869 562.337 3.896
14690 -0.000166 434.573 6.188
15113 -0.000964 45.593 5.837
14880 -0.000731 294.951 5.884
14962 -0.000335 238.371 5.711
15180 -0.000112 27.168 6.451
14963 -0.000983 265.82 6.211
14968 -0.000518 265.794 6.711
14861 -0.000282 384.805 6.262
15112 -0.000968 143.065 5.337
15218 -0.000785 58.837 6.168
14612 -0.00065 673.359 5.896
15307 -1.9e-05 12.609 5.859
15334 -0.000646 6.531 6.109
15254 -0.000438 96.997 5.065
15287 -3.2e-05 70.916 5.359
15206 -0.000453 165.931 6.168
15134 -2.4e-05 309.56 6.073
14204 -0.000863 1273.71 3.275
15129 -0.000547 362.174 5.573
15495 -0.000911 35.107 4.674
14846 -0.000326 701.603 6.17
15168 -0.000919 384.925 6.093
14223 -0.000738 1335.38 3.775
15276 -0.000556 291.888 4.837
15335 -0.000339 297.33 6.531
15363 -8.9e-05 294.956 5.916
15649 -0.000247 24.635 3.83
15083 -0.000922 591.531 5.129
15500 -9.8e-05 222.76 5.174
15578 -3e-06 151.101 3.888
15283 -0.000634 457.35 4.859
15375 -0.000618 391.821 5.931
15316 -0.000585 502.977 6.109
15566 -0.000597 254.788 3.388
